Gene	Start	End	Scoresum	Recursion	Mutation	NES	Pvalue
TP53	270	282	0.085952876199582	Y	78	13.2319746004927	0
TP53	191	199	0.0799473379070442	Y	65	12.0075428869549	0
TP53	236	258	0.0770521094503579	Y	94	11.4172528300739	0
TP53	173	177	0.0616444422971624	Y	47	8.27587975491622	0
TP53	211	218	0.0302766772957129	Y	32	1.88050195867479	0.0495049504950495
TP53	130	136	0.0264920926337488	Y	28	1.1088866168102	0.138613861386139
TP53	220	225	0.02587206493381	Y	26	0.982473039526007	0.148514851485149
TP53	124	128	0.0252520372338712	Y	24	0.85605946224181	0.188118811881188
TP53	107	113	0.0233275356717235	Y	26	0.463684852229821	0.257425742574257
TP53	342	342	0.022771926434116	N	16	0.350405153105021	0.326732673267327
TP53	285	287	0.017682867909943	N	16	-0.687171221487353	0.722772277227723
TP53	179	179	0.0148605340290527	N	11	-1.26259925834594	0.910891089108911
TP53	161	163	0.012936032466905	N	13	-1.65497386835793	0.98019801980198
TP53	306	306	0.0101136985860148	N	8	-2.23040190521651	0.99009900990099
TP53	331	331	0.0101136985860148	N	8	-2.23040190521651	0.99009900990099
TP53	141	141	0.00853142010500209	N	7	-2.55300278750671	0.99009900990099
TP53	155	157	0.00818919702386704	N	10	-2.6227765152285	0.99009900990099
TP53	204	205	0.00756916932392824	N	8	-2.7491900925127	0.99009900990099
TP53	187	187	0.00536686314297678	N	5	-3.19820455208709	0.99009900990099
TP53	261	261	0.00536686314297678	N	5	-3.19820455208709	0.99009900990099
TP53	265	266	0.00440461236190292	N	6	-3.39439185709308	0.99009900990099
TP53	209	209	0.00378458466196412	N	4	-3.52080543437728	0.99009900990099
TP53	234	234	0.00378458466196412	N	4	-3.52080543437728	0.99009900990099
TP53	294	294	0.00378458466196412	N	4	-3.52080543437728	0.99009900990099
TP53	317	317	0.00378458466196412	N	4	-3.52080543437728	0.99009900990099
TP53	91	91	0.00220230618095146	N	3	-3.84340631666747	0.99009900990099
TP53	171	171	0.00220230618095146	N	3	-3.84340631666747	0.99009900990099
TP53	183	183	0.00220230618095146	N	3	-3.84340631666747	0.99009900990099
TP53	333	333	0.00220230618095146	N	3	-3.84340631666747	0.99009900990099
TP53	337	337	0.00220230618095146	N	3	-3.84340631666747	0.99009900990099
TP53	138	139	0.0012400553998776	N	4	-4.03959362167347	0.99009900990099
TP53	76	76	0.000620027699938802	N	2	-4.16600719895767	0.99009900990099
TP53	83	83	0.000620027699938802	N	2	-4.16600719895767	0.99009900990099
TP53	93	93	0.000620027699938802	N	2	-4.16600719895767	0.99009900990099
TP53	117	117	0.000620027699938802	N	2	-4.16600719895767	0.99009900990099
TP53	167	167	0.000620027699938802	N	2	-4.16600719895767	0.99009900990099
TP53	232	232	0.000620027699938802	N	2	-4.16600719895767	0.99009900990099
TP53	289	289	0.000620027699938802	N	2	-4.16600719895767	0.99009900990099
TP53	292	292	0.000620027699938802	N	2	-4.16600719895767	0.99009900990099
TP53	304	304	0.000620027699938802	N	2	-4.16600719895767	0.99009900990099
PIK3CA	1046	1047	0.383341348606071	Y	198	129.759480763601	0
PIK3CA	545	546	0.188788819423192	Y	98	61.3308927657339	0
PIK3CA	541	542	0.107076757166382	Y	56	32.5908858066298	0
PIK3CA	345	345	0.0593749544586776	N	31	15.8130674048308	0
PIK3CA	102	113	0.0373536845852073	Y	26	8.0676815715525	0
PIK3CA	418	420	0.0205373147379006	N	12	2.15297848990082	0.0198019801980198
PIK3CA	726	726	0.018518923330273	N	10	1.44306392527876	0.0891089108910891
PIK3CA	453	453	0.0126823474547866	Y	7	-0.609793714657242	0.683168316831683
PIK3CA	1043	1044	0.0098004925749428	Y	6	-1.62340819230355	0.98019801980198
PIK3CA	118	118	0.0126823474547866	N	7	-0.609793714657242	0.683168316831683
PIK3CA	365	366	0.0098004925749428	N	6	-1.62340819230355	0.98019801980198
PIK3CA	446	447	0.00590944199128521	Y	4	-2.99197995226088	0.99009900990099
PIK3CA	1049	1049	0.00684577157930019	N	4	-2.66265135459325	0.99009900990099
PIK3CA	1004	1004	0.0049002462874714	Y	3	-3.34693723457191	0.99009900990099
PIK3CA	901	901	0.0049002462874714	N	3	-3.34693723457191	0.99009900990099
PIK3CA	1007	1007	0.0049002462874714	N	3	-3.34693723457191	0.99009900990099
PIK3CA	449	450	0.00396391669945642	N	3	-3.67626583223955	0.99009900990099
PIK3CA	1067	1068	0.00396391669945642	N	3	-3.67626583223955	0.99009900990099
PIK3CA	81	81	0.00295472099564261	N	2	-4.03122311455058	0.99009900990099
PIK3CA	88	88	0.00295472099564261	N	2	-4.03122311455058	0.99009900990099
PIK3CA	156	156	0.00295472099564261	N	2	-4.03122311455058	0.99009900990099
PIK3CA	539	539	0.00295472099564261	N	2	-4.03122311455058	0.99009900990099
PIK3CA	1025	1025	0.00295472099564261	N	2	-4.03122311455058	0.99009900990099
PIK3CA	1040	1040	0.00295472099564261	N	2	-4.03122311455058	0.99009900990099
PIK3CA	70	71	0.00201839140762762	N	2	-4.36055171221822	0.99009900990099
PIK3CA	10	10	0.00100919570381381	N	1	-4.71550899452925	0.99009900990099
PIK3CA	350	350	0.00100919570381381	N	1	-4.71550899452925	0.99009900990099
PIK3CA	357	357	0.00100919570381381	N	1	-4.71550899452925	0.99009900990099
PIK3CA	385	385	0.00100919570381381	N	1	-4.71550899452925	0.99009900990099
PIK3CA	398	398	0.00100919570381381	N	1	-4.71550899452925	0.99009900990099
PIK3CA	455	455	0.00100919570381381	N	1	-4.71550899452925	0.99009900990099
PIK3CA	531	531	0.00100919570381381	N	1	-4.71550899452925	0.99009900990099
PIK3CA	611	611	0.00100919570381381	N	1	-4.71550899452925	0.99009900990099
PIK3CA	614	614	0.00100919570381381	N	1	-4.71550899452925	0.99009900990099
PIK3CA	629	629	0.00100919570381381	N	1	-4.71550899452925	0.99009900990099
PIK3CA	673	673	0.00100919570381381	N	1	-4.71550899452925	0.99009900990099
PIK3CA	755	755	0.00100919570381381	N	1	-4.71550899452925	0.99009900990099
PIK3CA	764	764	0.00100919570381381	N	1	-4.71550899452925	0.99009900990099
PIK3CA	766	766	0.00100919570381381	N	1	-4.71550899452925	0.99009900990099
PIK3CA	877	877	0.00100919570381381	N	1	-4.71550899452925	0.99009900990099
PIK3CA	939	939	0.00100919570381381	N	1	-4.71550899452925	0.99009900990099
PIK3CA	970	970	0.00100919570381381	N	1	-4.71550899452925	0.99009900990099
PIK3CA	1037	1037	0.00100919570381381	N	1	-4.71550899452925	0.99009900990099
PIK3CA	1065	1065	0.00100919570381381	N	1	-4.71550899452925	0.99009900990099
MAML3	503	503	0.388010154266745	Y	7	6.05414443731406	0
MAML3	245	248	0.105819973688254	Y	2	-1.14391467476178	0.881188118811881
MAML3	79	79	0.0546768209334114	Y	1	-2.44846551332253	0.99009900990099
MAML3	442	442	0.0546768209334114	Y	1	-2.44846551332253	0.99009900990099
MAML3	82	82	0.0546768209334114	N	1	-2.44846551332253	0.99009900990099
MAML3	222	222	0.0546768209334114	N	1	-2.44846551332253	0.99009900990099
MAML3	329	329	0.0546768209334114	N	1	-2.44846551332253	0.99009900990099
MAML3	454	454	0.0546768209334114	N	1	-2.44846551332253	0.99009900990099
MAML3	692	692	0.0546768209334114	N	1	-2.44846551332253	0.99009900990099
MAML3	909	909	0.0546768209334114	N	1	-2.44846551332253	0.99009900990099
MAML3	1082	1082	0.0546768209334114	N	1	-2.44846551332253	0.99009900990099
PTEN	128	131	0.0834077750206783	Y	7	1.75660652522514	0.0594059405940594
PTEN	317	318	0.0883705541770058	Y	7	2.09194540309949	0.0297029702970297
PTEN	15	18	0.0567411083540116	Y	5	-0.0452810452197215	0.336633663366337
PTEN	27	28	0.0350372208436725	Y	3	-1.51182973779023	0.99009900990099
PTEN	245	248	0.0404923231256345	Y	4	-1.14322420038875	0.910891089108911
PTEN	145	146	0.0217038875103391	Y	2	-2.41277352301265	0.99009900990099
PTEN	92	93	0.0350372208436725	N	3	-1.51182973779023	0.99009900990099
PTEN	286	288	0.0325558312655087	N	3	-1.6794991767274	0.99009900990099
PTEN	217	217	0.0241852770885029	Y	2	-2.24510408407548	0.99009900990099
PTEN	123	124	0.0217038875103391	Y	2	-2.41277352301265	0.99009900990099
PTEN	48	48	0.0241852770885029	N	2	-2.24510408407548	0.99009900990099
PTEN	149	149	0.0241852770885029	N	2	-2.24510408407548	0.99009900990099
PTEN	23	24	0.0217038875103391	N	2	-2.41277352301265	0.99009900990099
PTEN	75	76	0.0217038875103391	N	2	-2.41277352301265	0.99009900990099
PTEN	256	256	0.0108519437551696	Y	1	-3.14604786929791	0.99009900990099
PTEN	212	214	0.0163070460371316	N	2	-2.77744233189643	0.99009900990099
PTEN	259	261	0.0163070460371316	N	2	-2.77744233189643	0.99009900990099
PTEN	313	315	0.0163070460371316	N	2	-2.77744233189643	0.99009900990099
PTEN	85	85	0.0108519437551696	Y	1	-3.14604786929791	0.99009900990099
PTEN	162	162	0.0108519437551696	Y	1	-3.14604786929791	0.99009900990099
PTEN	10	10	0.0108519437551696	N	1	-3.14604786929791	0.99009900990099
PTEN	63	63	0.0108519437551696	N	1	-3.14604786929791	0.99009900990099
PTEN	70	70	0.0108519437551696	N	1	-3.14604786929791	0.99009900990099
PTEN	88	88	0.0108519437551696	N	1	-3.14604786929791	0.99009900990099
PTEN	126	126	0.0108519437551696	N	1	-3.14604786929791	0.99009900990099
PTEN	136	136	0.0108519437551696	N	1	-3.14604786929791	0.99009900990099
PTEN	140	140	0.0108519437551696	N	1	-3.14604786929791	0.99009900990099
PTEN	154	154	0.0108519437551696	N	1	-3.14604786929791	0.99009900990099
PTEN	165	165	0.0108519437551696	N	1	-3.14604786929791	0.99009900990099
PTEN	171	171	0.0108519437551696	N	1	-3.14604786929791	0.99009900990099
PTEN	175	175	0.0108519437551696	N	1	-3.14604786929791	0.99009900990099
PTEN	182	182	0.0108519437551696	N	1	-3.14604786929791	0.99009900990099
PTEN	196	196	0.0108519437551696	N	1	-3.14604786929791	0.99009900990099
PTEN	206	206	0.0108519437551696	N	1	-3.14604786929791	0.99009900990099
PTEN	242	242	0.0108519437551696	N	1	-3.14604786929791	0.99009900990099
PTEN	251	251	0.0108519437551696	N	1	-3.14604786929791	0.99009900990099
PTEN	266	266	0.0108519437551696	N	1	-3.14604786929791	0.99009900990099
PTEN	271	271	0.0108519437551696	N	1	-3.14604786929791	0.99009900990099
PTEN	323	323	0.0108519437551696	N	1	-3.14604786929791	0.99009900990099
PTEN	346	346	0.0108519437551696	N	1	-3.14604786929791	0.99009900990099
NOTCH2	2297	2303	0.134416011298923	Y	5	1.87305550716588	0.0396039603960396
NOTCH2	2400	2403	0.0531167695327297	Y	2	-1.53313668217327	0.97029702970297
NOTCH2	6	6	0.0829286388776474	N	3	-0.28410957803018	0.554455445544555
NOTCH2	955	967	0.0739722644090059	Y	3	-0.659354563064825	0.702970297029703
NOTCH2	1496	1496	0.0273730833220918	Y	1	-2.61171922477131	0.99009900990099
NOTCH2	1780	1780	0.0273730833220918	Y	1	-2.61171922477131	0.99009900990099
NOTCH2	2153	2153	0.0273730833220918	Y	1	-2.61171922477131	0.99009900990099
NOTCH2	2381	2381	0.0273730833220918	Y	1	-2.61171922477131	0.99009900990099
NOTCH2	1690	1690	0.0273730833220918	Y	1	-2.61171922477131	0.99009900990099
NOTCH2	217	217	0.0273730833220918	N	1	-2.61171922477131	0.99009900990099
NOTCH2	268	268	0.0273730833220918	N	1	-2.61171922477131	0.99009900990099
NOTCH2	476	476	0.0273730833220918	N	1	-2.61171922477131	0.99009900990099
NOTCH2	566	566	0.0273730833220918	N	1	-2.61171922477131	0.99009900990099
NOTCH2	788	788	0.0273730833220918	N	1	-2.61171922477131	0.99009900990099
NOTCH2	921	921	0.0273730833220918	N	1	-2.61171922477131	0.99009900990099
NOTCH2	1001	1001	0.0273730833220918	N	1	-2.61171922477131	0.99009900990099
NOTCH2	1275	1275	0.0273730833220918	N	1	-2.61171922477131	0.99009900990099
NOTCH2	1342	1342	0.0273730833220918	N	1	-2.61171922477131	0.99009900990099
NOTCH2	1388	1388	0.0273730833220918	N	1	-2.61171922477131	0.99009900990099
NOTCH2	1514	1514	0.0273730833220918	N	1	-2.61171922477131	0.99009900990099
NOTCH2	1604	1604	0.0273730833220918	N	1	-2.61171922477131	0.99009900990099
NOTCH2	1717	1717	0.0273730833220918	N	1	-2.61171922477131	0.99009900990099
NOTCH2	1802	1802	0.0273730833220918	N	1	-2.61171922477131	0.99009900990099
NOTCH2	2074	2074	0.0273730833220918	N	1	-2.61171922477131	0.99009900990099
NOTCH2	2179	2179	0.0273730833220918	N	1	-2.61171922477131	0.99009900990099
NOTCH2	2274	2274	0.0273730833220918	N	1	-2.61171922477131	0.99009900990099
NOTCH2	2411	2411	0.0273730833220918	N	1	-2.61171922477131	0.99009900990099
CDKN2A	58	58	0.243589743589744	N	3	0.781010641893341	0.247524752475248
CDKN2A	85	85	0.16025641025641	N	2	-0.767412410562362	0.801980198019802
CDKN2A	19	19	0.0769230769230769	N	1	-2.31583546301806	0.99009900990099
CDKN2A	36	36	0.0769230769230769	N	1	-2.31583546301806	0.99009900990099
CDKN2A	50	50	0.0769230769230769	N	1	-2.31583546301806	0.99009900990099
CDKN2A	69	69	0.0769230769230769	N	1	-2.31583546301806	0.99009900990099
CDKN2A	94	94	0.0769230769230769	N	1	-2.31583546301806	0.99009900990099
CDKN2A	114	114	0.0769230769230769	N	1	-2.31583546301806	0.99009900990099
CDKN2A	126	126	0.0769230769230769	N	1	-2.31583546301806	0.99009900990099
FBXW7	465	465	0.123585572842999	Y	3	-0.055355177543324	0.435643564356436
FBXW7	177	177	0.0819189061763319	N	2	-1.34436943420738	0.95049504950495
FBXW7	542	545	0.0747601728102839	Y	2	-1.5658344590512	0.98019801980198
FBXW7	391	393	0.0776323259148072	N	2	-1.47698054787394	0.96039603960396
FBXW7	82	82	0.0402522395096652	Y	1	-2.63338369087144	0.99009900990099
FBXW7	287	287	0.0402522395096652	Y	1	-2.63338369087144	0.99009900990099
FBXW7	301	301	0.0402522395096652	Y	1	-2.63338369087144	0.99009900990099
FBXW7	227	227	0.0402522395096652	Y	1	-2.63338369087144	0.99009900990099
FBXW7	25	25	0.0402522395096652	N	1	-2.63338369087144	0.99009900990099
FBXW7	85	85	0.0402522395096652	N	1	-2.63338369087144	0.99009900990099
FBXW7	137	137	0.0402522395096652	N	1	-2.63338369087144	0.99009900990099
FBXW7	240	240	0.0402522395096652	N	1	-2.63338369087144	0.99009900990099
FBXW7	309	309	0.0402522395096652	N	1	-2.63338369087144	0.99009900990099
FBXW7	337	337	0.0402522395096652	N	1	-2.63338369087144	0.99009900990099
FBXW7	357	357	0.0402522395096652	N	1	-2.63338369087144	0.99009900990099
FBXW7	441	441	0.0402522395096652	N	1	-2.63338369087144	0.99009900990099
FBXW7	479	479	0.0402522395096652	N	1	-2.63338369087144	0.99009900990099
FBXW7	528	528	0.0402522395096652	N	1	-2.63338369087144	0.99009900990099
FBXW7	633	633	0.0402522395096652	N	1	-2.63338369087144	0.99009900990099
RB1	215	217	0.0813629588609339	Y	3	-0.499824091087965	0.673267326732673
RB1	843	853	0.0649122915771261	Y	3	-1.16916485805599	0.920792079207921
RB1	548	548	0.027493842364532	Y	1	-2.69163765886232	0.99009900990099
RB1	605	606	0.054987684729064	N	2	-1.57297485827869	0.99009900990099
RB1	550	552	0.0527915302895053	N	2	-1.66233145832381	0.99009900990099
RB1	203	203	0.027493842364532	Y	1	-2.69163765886232	0.99009900990099
RB1	823	823	0.027493842364532	Y	1	-2.69163765886232	0.99009900990099
RB1	864	864	0.027493842364532	Y	1	-2.69163765886232	0.99009900990099
RB1	334	334	0.027493842364532	Y	1	-2.69163765886232	0.99009900990099
RB1	93	93	0.027493842364532	Y	1	-2.69163765886232	0.99009900990099
RB1	32	32	0.027493842364532	N	1	-2.69163765886232	0.99009900990099
RB1	70	70	0.027493842364532	N	1	-2.69163765886232	0.99009900990099
RB1	104	104	0.027493842364532	N	1	-2.69163765886232	0.99009900990099
RB1	174	174	0.027493842364532	N	1	-2.69163765886232	0.99009900990099
RB1	206	206	0.027493842364532	N	1	-2.69163765886232	0.99009900990099
RB1	253	253	0.027493842364532	N	1	-2.69163765886232	0.99009900990099
RB1	288	288	0.027493842364532	N	1	-2.69163765886232	0.99009900990099
RB1	319	319	0.027493842364532	N	1	-2.69163765886232	0.99009900990099
RB1	344	344	0.027493842364532	N	1	-2.69163765886232	0.99009900990099
RB1	359	359	0.027493842364532	N	1	-2.69163765886232	0.99009900990099
RB1	395	395	0.027493842364532	N	1	-2.69163765886232	0.99009900990099
RB1	620	620	0.027493842364532	N	1	-2.69163765886232	0.99009900990099
RB1	676	676	0.027493842364532	N	1	-2.69163765886232	0.99009900990099
RB1	694	694	0.027493842364532	N	1	-2.69163765886232	0.99009900990099
RB1	803	803	0.027493842364532	N	1	-2.69163765886232	0.99009900990099
RB1	829	829	0.027493842364532	N	1	-2.69163765886232	0.99009900990099
RB1	873	873	0.027493842364532	N	1	-2.69163765886232	0.99009900990099
RB1	894	894	0.027493842364532	N	1	-2.69163765886232	0.99009900990099
RB1	908	908	0.027493842364532	N	1	-2.69163765886232	0.99009900990099
ZNF195	109	111	0.493617621416483	Y	8	6.92021866102681	0
ZNF195	78	78	0.123410174880763	Y	2	-0.877140583971059	0.782178217821782
ZNF195	602	602	0.0609101748807631	Y	1	-2.1935240262078	0.99009900990099
ZNF195	65	65	0.0609101748807631	N	1	-2.1935240262078	0.99009900990099
ZNF195	241	241	0.0609101748807631	N	1	-2.1935240262078	0.99009900990099
ZNF195	397	397	0.0609101748807631	N	1	-2.1935240262078	0.99009900990099
ZNF195	581	581	0.0609101748807631	N	1	-2.1935240262078	0.99009900990099
ZNF195	610	610	0.0609101748807631	N	1	-2.1935240262078	0.99009900990099
PIK3R1	566	578	0.327791130761299	Y	12	9.64675467118066	0
PIK3R1	464	466	0.0840916477088073	Y	3	-0.41636005274564	0.584158415841584
PIK3R1	549	549	0.0280305492362691	Y	1	-2.73129834646769	0.99009900990099
PIK3R1	635	635	0.0574423139421514	Y	2	-1.51679448802221	0.96039603960396
PIK3R1	554	554	0.0280305492362691	Y	1	-2.73129834646769	0.99009900990099
PIK3R1	450	452	0.0532410340820616	Y	2	-1.69027848843881	0.97029702970297
PIK3R1	10	10	0.0280305492362691	Y	1	-2.73129834646769	0.99009900990099
PIK3R1	559	559	0.0280305492362691	Y	1	-2.73129834646769	0.99009900990099
PIK3R1	13	13	0.0280305492362691	N	1	-2.73129834646769	0.99009900990099
PIK3R1	31	31	0.0280305492362691	N	1	-2.73129834646769	0.99009900990099
PIK3R1	63	63	0.0280305492362691	N	1	-2.73129834646769	0.99009900990099
PIK3R1	205	205	0.0280305492362691	N	1	-2.73129834646769	0.99009900990099
PIK3R1	361	361	0.0280305492362691	N	1	-2.73129834646769	0.99009900990099
PIK3R1	379	379	0.0280305492362691	N	1	-2.73129834646769	0.99009900990099
PIK3R1	419	419	0.0280305492362691	N	1	-2.73129834646769	0.99009900990099
PIK3R1	440	440	0.0280305492362691	N	1	-2.73129834646769	0.99009900990099
PIK3R1	563	563	0.0280305492362691	N	1	-2.73129834646769	0.99009900990099
PIK3R1	642	642	0.0280305492362691	N	1	-2.73129834646769	0.99009900990099
PIK3R1	686	686	0.0280305492362691	N	1	-2.73129834646769	0.99009900990099
C6orf118	329	329	0.0978678038379531	Y	1	-1.98510610472601	0.99009900990099
C6orf118	66	66	0.197867803837953	N	2	-0.446235668959987	0.584158415841584
C6orf118	116	116	0.197867803837953	N	2	-0.446235668959987	0.584158415841584
C6orf118	339	339	0.0978678038379531	Y	1	-1.98510610472601	0.99009900990099
C6orf118	354	354	0.0978678038379531	Y	1	-1.98510610472601	0.99009900990099
C6orf118	32	32	0.0978678038379531	N	1	-1.98510610472601	0.99009900990099
C6orf118	210	210	0.0978678038379531	N	1	-1.98510610472601	0.99009900990099
C6orf118	364	364	0.0978678038379531	N	1	-1.98510610472601	0.99009900990099
STAB2	1370	1380	0.0675019838231187	Y	3	-0.671888776235834	0.702970297029703
STAB2	1104	1104	0.0246079968639749	Y	1	-2.72333065667229	0.99009900990099
STAB2	2112	2113	0.0492159937279498	N	2	-1.54643200632088	0.97029702970297
STAB2	1329	1329	0.0246079968639749	Y	1	-2.72333065667229	0.99009900990099
STAB2	861	861	0.0246079968639749	Y	1	-2.72333065667229	0.99009900990099
STAB2	1880	1880	0.0246079968639749	Y	1	-2.72333065667229	0.99009900990099
STAB2	2285	2285	0.0246079968639749	Y	1	-2.72333065667229	0.99009900990099
STAB2	1119	1119	0.0246079968639749	Y	1	-2.72333065667229	0.99009900990099
STAB2	1642	1642	0.0246079968639749	Y	1	-2.72333065667229	0.99009900990099
STAB2	376	376	0.0246079968639749	Y	1	-2.72333065667229	0.99009900990099
STAB2	1424	1424	0.0246079968639749	Y	1	-2.72333065667229	0.99009900990099
STAB2	475	475	0.0246079968639749	Y	1	-2.72333065667229	0.99009900990099
STAB2	1455	1455	0.0246079968639749	Y	1	-2.72333065667229	0.99009900990099
STAB2	2431	2431	0.0246079968639749	Y	1	-2.72333065667229	0.99009900990099
STAB2	617	617	0.0246079968639749	Y	1	-2.72333065667229	0.99009900990099
STAB2	396	396	0.0246079968639749	N	1	-2.72333065667229	0.99009900990099
STAB2	500	500	0.0246079968639749	N	1	-2.72333065667229	0.99009900990099
STAB2	567	567	0.0246079968639749	N	1	-2.72333065667229	0.99009900990099
STAB2	644	644	0.0246079968639749	N	1	-2.72333065667229	0.99009900990099
STAB2	711	711	0.0246079968639749	N	1	-2.72333065667229	0.99009900990099
STAB2	867	867	0.0246079968639749	N	1	-2.72333065667229	0.99009900990099
STAB2	1057	1057	0.0246079968639749	N	1	-2.72333065667229	0.99009900990099
STAB2	1131	1131	0.0246079968639749	N	1	-2.72333065667229	0.99009900990099
STAB2	1173	1173	0.0246079968639749	N	1	-2.72333065667229	0.99009900990099
STAB2	1267	1267	0.0246079968639749	N	1	-2.72333065667229	0.99009900990099
STAB2	1333	1333	0.0246079968639749	N	1	-2.72333065667229	0.99009900990099
STAB2	1480	1480	0.0246079968639749	N	1	-2.72333065667229	0.99009900990099
STAB2	1529	1529	0.0246079968639749	N	1	-2.72333065667229	0.99009900990099
STAB2	1661	1661	0.0246079968639749	N	1	-2.72333065667229	0.99009900990099
STAB2	1733	1733	0.0246079968639749	N	1	-2.72333065667229	0.99009900990099
STAB2	1821	1821	0.0246079968639749	N	1	-2.72333065667229	0.99009900990099
STAB2	1889	1889	0.0246079968639749	N	1	-2.72333065667229	0.99009900990099
STAB2	2032	2032	0.0246079968639749	N	1	-2.72333065667229	0.99009900990099
STAB2	2074	2074	0.0246079968639749	N	1	-2.72333065667229	0.99009900990099
STAB2	2294	2294	0.0246079968639749	N	1	-2.72333065667229	0.99009900990099
STAB2	2456	2456	0.0246079968639749	N	1	-2.72333065667229	0.99009900990099
STAB2	2548	2548	0.0246079968639749	N	1	-2.72333065667229	0.99009900990099
BRCA1	23	27	0.0528664306817759	Y	2	-1.59671659112606	0.98019801980198
BRCA1	934	936	0.0550096675723198	Y	2	-1.51109388094079	0.97029702970297
BRCA1	1581	1581	0.0280406430087959	Y	1	-2.58851140038066	0.99009900990099
BRCA1	1788	1788	0.0280406430087959	Y	1	-2.58851140038066	0.99009900990099
BRCA1	360	366	0.0507231937912319	Y	2	-1.68233930131132	0.99009900990099
BRCA1	2	2	0.0280406430087959	Y	1	-2.58851140038066	0.99009900990099
BRCA1	1802	1802	0.0280406430087959	Y	1	-2.58851140038066	0.99009900990099
BRCA1	152	152	0.0280406430087959	Y	1	-2.58851140038066	0.99009900990099
BRCA1	1589	1589	0.0280406430087959	Y	1	-2.58851140038066	0.99009900990099
BRCA1	903	903	0.0280406430087959	Y	1	-2.58851140038066	0.99009900990099
BRCA1	83	83	0.0280406430087959	Y	1	-2.58851140038066	0.99009900990099
BRCA1	1329	1329	0.0280406430087959	Y	1	-2.58851140038066	0.99009900990099
BRCA1	1483	1483	0.0280406430087959	Y	1	-2.58851140038066	0.99009900990099
BRCA1	9	9	0.0280406430087959	N	1	-2.58851140038066	0.99009900990099
BRCA1	96	96	0.0280406430087959	N	1	-2.58851140038066	0.99009900990099
BRCA1	162	162	0.0280406430087959	N	1	-2.58851140038066	0.99009900990099
BRCA1	272	272	0.0280406430087959	N	1	-2.58851140038066	0.99009900990099
BRCA1	339	339	0.0280406430087959	N	1	-2.58851140038066	0.99009900990099
BRCA1	644	644	0.0280406430087959	N	1	-2.58851140038066	0.99009900990099
BRCA1	687	687	0.0280406430087959	N	1	-2.58851140038066	0.99009900990099
BRCA1	720	720	0.0280406430087959	N	1	-2.58851140038066	0.99009900990099
BRCA1	759	759	0.0280406430087959	N	1	-2.58851140038066	0.99009900990099
BRCA1	915	915	0.0280406430087959	N	1	-2.58851140038066	0.99009900990099
BRCA1	1027	1027	0.0280406430087959	N	1	-2.58851140038066	0.99009900990099
BRCA1	1085	1085	0.0280406430087959	N	1	-2.58851140038066	0.99009900990099
BRCA1	1121	1121	0.0280406430087959	N	1	-2.58851140038066	0.99009900990099
BRCA1	1344	1344	0.0280406430087959	N	1	-2.58851140038066	0.99009900990099
BRCA1	1508	1508	0.0280406430087959	N	1	-2.58851140038066	0.99009900990099
BRCA1	1600	1600	0.0280406430087959	N	1	-2.58851140038066	0.99009900990099
BRCA1	1726	1726	0.0280406430087959	N	1	-2.58851140038066	0.99009900990099
BRCA1	1759	1759	0.0280406430087959	N	1	-2.58851140038066	0.99009900990099
BRCA1	1811	1811	0.0280406430087959	N	1	-2.58851140038066	0.99009900990099
MGAT5B	473	479	0.222728510880007	Y	4	1.40755726271873	0.0891089108910891
MGAT5B	20	23	0.11010228061262	Y	2	-1.10366336933342	0.95049504950495
MGAT5B	304	304	0.0575750899610781	Y	1	-2.27485914313074	0.99009900990099
MGAT5B	442	442	0.0575750899610781	Y	1	-2.27485914313074	0.99009900990099
MGAT5B	8	8	0.0575750899610781	N	1	-2.27485914313074	0.99009900990099
MGAT5B	190	190	0.0575750899610781	N	1	-2.27485914313074	0.99009900990099
MGAT5B	317	317	0.0575750899610781	N	1	-2.27485914313074	0.99009900990099
MGAT5B	342	342	0.0575750899610781	N	1	-2.27485914313074	0.99009900990099
MGAT5B	403	403	0.0575750899610781	N	1	-2.27485914313074	0.99009900990099
MGAT5B	456	456	0.0575750899610781	N	1	-2.27485914313074	0.99009900990099
MGAT5B	524	524	0.0575750899610781	N	1	-2.27485914313074	0.99009900990099
MGAT5B	612	612	0.0575750899610781	N	1	-2.27485914313074	0.99009900990099
MGAT5B	767	767	0.0575750899610781	N	1	-2.27485914313074	0.99009900990099
MYL10	26	26	0.631938857602574	Y	7	6.04580130689375	0
MYL10	10	10	0.086484312148029	Y	1	-1.93074566161336	0.99009900990099
MYL10	18	18	0.086484312148029	N	1	-1.93074566161336	0.99009900990099
MYL10	135	135	0.086484312148029	N	1	-1.93074566161336	0.99009900990099
MYL10	178	178	0.086484312148029	N	1	-1.93074566161336	0.99009900990099
NUP153	1299	1299	0.173235077376566	Y	4	1.3155361077532	0.0891089108910891
NUP153	1041	1042	0.0856005895357406	Y	2	-1.1753990050989	0.920792079207921
NUP153	671	671	0.0428002947678703	Y	1	-2.39196065456451	0.99009900990099
NUP153	1343	1343	0.0428002947678703	Y	1	-2.39196065456451	0.99009900990099
NUP153	685	685	0.0428002947678703	Y	1	-2.39196065456451	0.99009900990099
NUP153	1108	1108	0.0428002947678703	Y	1	-2.39196065456451	0.99009900990099
NUP153	746	746	0.0428002947678703	Y	1	-2.39196065456451	0.99009900990099
NUP153	853	853	0.0428002947678703	Y	1	-2.39196065456451	0.99009900990099
NUP153	71	71	0.0428002947678703	N	1	-2.39196065456451	0.99009900990099
NUP153	247	247	0.0428002947678703	N	1	-2.39196065456451	0.99009900990099
NUP153	336	336	0.0428002947678703	N	1	-2.39196065456451	0.99009900990099
NUP153	695	695	0.0428002947678703	N	1	-2.39196065456451	0.99009900990099
NUP153	768	768	0.0428002947678703	N	1	-2.39196065456451	0.99009900990099
NUP153	879	879	0.0428002947678703	N	1	-2.39196065456451	0.99009900990099
NUP153	970	970	0.0428002947678703	N	1	-2.39196065456451	0.99009900990099
NUP153	1053	1053	0.0428002947678703	N	1	-2.39196065456451	0.99009900990099
NUP153	1122	1122	0.0428002947678703	N	1	-2.39196065456451	0.99009900990099
NUP153	1346	1346	0.0428002947678703	N	1	-2.39196065456451	0.99009900990099
NUP153	1462	1462	0.0428002947678703	N	1	-2.39196065456451	0.99009900990099
LZTR1	170	185	0.11786987699926	Y	2	-1.50681234085095	0.98019801980198
LZTR1	792	792	0.0757326007326007	Y	1	-2.39442557426003	0.99009900990099
LZTR1	518	518	0.0757326007326007	Y	1	-2.39442557426003	0.99009900990099
LZTR1	118	118	0.0757326007326007	Y	1	-2.39442557426003	0.99009900990099
LZTR1	286	286	0.0757326007326007	Y	1	-2.39442557426003	0.99009900990099
LZTR1	1	1	0.0757326007326007	N	1	-2.39442557426003	0.99009900990099
LZTR1	35	35	0.0757326007326007	N	1	-2.39442557426003	0.99009900990099
LZTR1	140	140	0.0757326007326007	N	1	-2.39442557426003	0.99009900990099
LZTR1	313	313	0.0757326007326007	N	1	-2.39442557426003	0.99009900990099
LZTR1	539	539	0.0757326007326007	N	1	-2.39442557426003	0.99009900990099
LZTR1	614	614	0.0757326007326007	N	1	-2.39442557426003	0.99009900990099
LZTR1	810	810	0.0757326007326007	N	1	-2.39442557426003	0.99009900990099
MTMR12	520	521	0.381938008444033	Y	5	3.05085572224136	0.0198019801980198
MTMR12	631	631	0.0755843888374009	Y	1	-1.96123723238709	0.99009900990099
MTMR12	496	496	0.0755843888374009	Y	1	-1.96123723238709	0.99009900990099
MTMR12	57	57	0.0755843888374009	N	1	-1.96123723238709	0.99009900990099
MTMR12	235	235	0.0755843888374009	N	1	-1.96123723238709	0.99009900990099
MTMR12	296	296	0.0755843888374009	N	1	-1.96123723238709	0.99009900990099
MTMR12	527	527	0.0755843888374009	N	1	-1.96123723238709	0.99009900990099
MTMR12	635	635	0.0755843888374009	N	1	-1.96123723238709	0.99009900990099
MTMR12	698	698	0.0755843888374009	N	1	-1.96123723238709	0.99009900990099
ZKSCAN1	270	270	0.569652372494291	Y	16	19.585304302838	0
ZKSCAN1	433	433	0.0339380867800051	Y	1	-3.14702426681605	0.99009900990099
ZKSCAN1	524	524	0.0339380867800051	Y	1	-3.14702426681605	0.99009900990099
ZKSCAN1	77	77	0.0339380867800051	Y	1	-3.14702426681605	0.99009900990099
ZKSCAN1	84	84	0.0339380867800051	N	1	-3.14702426681605	0.99009900990099
ZKSCAN1	180	180	0.0339380867800051	N	1	-3.14702426681605	0.99009900990099
ZKSCAN1	275	275	0.0339380867800051	N	1	-3.14702426681605	0.99009900990099
ZKSCAN1	349	349	0.0339380867800051	N	1	-3.14702426681605	0.99009900990099
ZKSCAN1	402	402	0.0339380867800051	N	1	-3.14702426681605	0.99009900990099
ZKSCAN1	436	436	0.0339380867800051	N	1	-3.14702426681605	0.99009900990099
ZKSCAN1	458	458	0.0339380867800051	N	1	-3.14702426681605	0.99009900990099
ZKSCAN1	511	511	0.0339380867800051	N	1	-3.14702426681605	0.99009900990099
ZKSCAN1	530	530	0.0339380867800051	N	1	-3.14702426681605	0.99009900990099
